424870	이뮨온시아	+17.21	1133661	23505549	NXT
256840	한국비엔씨	+22.58	536977	16129700	
014950	삼익제약	+11.73	498485	8259429	
014280	금강공업	+16.61	129317	5631499	
452190	한빛레이저	+10.33	228770	4578886	
208370	셀바스헬스케어	+14.29	221999	3791189	
039860	나노엔텍	+6.44	140848	2260531	
315640	딥노이드	+14.47	156648	1830908	
036220	오상헬스케어	+5.02	36885	1230733	
033230	인성정보	+12.06	74235	1040956	
220260	켐트로스	+11.97	65025	711054	
206400	베노티앤알	+22.98	41777	477109	
0166S0	PLUS K제조업핵심기업액티브	-2.39	24472	443307	
105740	디케이락	+8.53	34547	402757	
290120	DH오토리드	+3.50	8411	351866	
429760	PLUS 미국S&P500	-0.87	4816	322502	
196300	HLB펩	+30.00	2260	282474	
078140	대봉엘에스	+8.54	12349	268966	
462510	라메디텍	+16.36	12136	239317	
461460	PLUS 국고채10년액티브	-1.11	236	149329	
0127M0	ACE 미국대형가치주액티브	-0.96	1162	108607	
