003490
066570
000990
009150
007660
128940
103590
005935
138040
316140
005930
021240
096770
033780
010950
443060
011790
034730
000150
180640
102110
042700
069500
381180
005830
402340
055550
105560
001440
138930
090430
006260
000660
011200
086790
012610
010120
175330
016360
088350
000810
001040
012630
011070
003550
002380
298040
028050
018260
024110
272210
047050
088980
032640
052690
004020
051900
017800
005940
011170
078930
009830
036570
006400
032830
278470
036460
003670
103140
000880
028260
373220
030200
003230
454910
068270
079550
097950
000720
005387
307950
064400
035720
161390
086280
034020
377300
251270
035250
128820
047810
035420
066970
302440
012450
207940
011780
111770
006800
000100
329180
017670
034220
323410
271560
267250
259960
204320
012330
009540
039490
071050
267260
010130
022100
450080
411060
005490
010140
015760
000270
352820
029780
326030
005380
042660
051910
241560
064350
