316140
028050
090430
443060
105560
004020
128940
055550
096770
000150
000990
010950
103590
000660
021240
047050
180640
005935
138040
088350
033780
010120
272210
298040
051900
005830
069500
102110
086790
066570
079550
011200
009150
381180
012630
005930
007660
001440
003490
006400
000810
175330
036460
006260
000880
018260
000720
030200
052690
012450
373220
003230
042700
078930
411060
402340
011170
103140
017800
086280
011790
012610
003550
138930
034730
003670
034020
016360
047810
278470
068270
001040
329180
267250
028260
011780
036570
454910
088980
002380
035250
010140
066970
022100
000100
005940
207940
005490
032830
032640
251270
267260
024110
071050
204320
009540
302440
241560
011070
128820
111770
035420
064400
017670
006800
161390
051910
377300
271560
005387
039490
010130
326030
035720
097950
450080
015760
034220
000270
323410
259960
012330
352820
005380
042660
307950
009830
064350
029780
