103590
011790
007660
042700
009150
066570
096770
010950
000990
012610
381180
009830
034730
003490
402340
010120
033780
272210
001440
373220
011200
047050
000150
138040
011070
128940
003670
006400
102110
005930
069500
066970
450080
005935
000660
036570
454910
443060
307950
003550
002380
128820
068270
018260
064400
021240
0126Z0
005940
022100
052690
302440
103140
028050
036460
016360
079550
088350
005830
012630
138930
180640
161390
011170
017670
001040
005387
316140
086280
051910
278470
000100
012330
034220
000880
090430
097950
298040
017800
078930
086790
204320
034020
105560
006260
175330
004020
011780
000810
000720
047810
006800
088980
010130
055550
005490
051900
251270
207940
377300
032830
032640
012450
003230
326030
259960
035420
024110
323410
035720
015760
267260
005380
028260
352820
111770
071050
241560
010140
035250
271560
329180
029780
000270
039490
030200
267250
009540
064350
042660
411060
