103590
000990
009150
003490
007660
042700
011790
066570
005935
381180
138040
096770
005930
010950
402340
443060
009830
012610
069500
102110
001440
034730
033780
128940
180640
000150
005830
272210
021240
011070
316140
011200
036570
000660
016360
002380
018260
010120
001040
138930
047050
175330
373220
068270
090430
012630
088350
052690
003670
086790
066970
055550
105560
278470
079550
450080
000810
307950
051900
006400
003550
024110
005940
011170
302440
078930
028050
032640
006260
103140
088980
005387
207940
454910
036460
000880
097950
128820
161390
251270
000100
003230
034020
298040
004020
032830
064400
017670
022100
034220
000720
017800
012450
326030
006800
377300
035720
028260
204320
039490
086280
011780
012330
051910
035250
259960
010130
030200
047810
035420
267260
005380
005490
071050
111770
352820
241560
411060
323410
015760
267250
271560
042660
329180
000270
009540
010140
064350
029780
